 LandisData  "growth rate by section"

  3.5 7 10 13 17 22 28 34 40 45 50 55 60 63 65                
  3.5 5.5 8 11 14 17 20 23 26 29 32 35 38 41 44 47 50 52 54 56 58 60 62 64 66 68 70 72 74 75 
  4 7.5 11 15 20 25 30 35 40 44 48 51 54 57 59 61 63 64 64.5 65           
  4 7 10 13 16 20 25 30 35 39 43 47 50 53 56 59 61 63 64 65       
  4 7 10 13 17 20 23 26 29 32 35 38 40 43 45 48 51 53 55 57 59 60 62 64 66 68 70 72 74 75 
  4 7 9 11 14 17 20 23 26 29 32 35 37 40 43 45 48 51 54 57 60 62 64 65 66 68 70 72 74 75 
  3 6 9 13 16 21 26 30 36 42 48 53 58 62 65                
  4 7 11 15 19 24 29 35 41 47 51 56 60 63 65                
  3 6 9 12 15 18 21 24 28 32 36 40 44 48 52 56 60 62 64 65           
  3 7 10 13 16 19 22 25 28 31 34 37 40 43 46 48 50 52 54 56 58 60 62 64 65 66 67 68 69 70 
  4 7 11 15 19 24 29 35 41 47 51 56 60 63 65                
  3.5 6 9 12 15 18 22 26 30 34 37 40 43 46 49 52 55 58 61 65           
  3.5 6 9 12 15 18 21 24 27 30 33 36 39 42 45 48 51 54 57 60 61 62 63 64 65 66 67 68 69 70 
  4 8 11 14 18 21 24 27 30 33 36 39 42 45 47 49 52 55 58 61 63 65 67 69 70      
  3 5 7 10 13 16 19 22 25 28 31 34 36 38 40 42 44 46 48 50 52 54 56 58 60 61 62 63 64 65 
  6 13 19 25 32 38 44 49 54 59 64 66 68 69 70                
  3 7 10 13 16 19 22 25 28 31 34 36 38 40 42 44 46 48 50 52 54 56 58 59 60 61 62 63 64 65 
  3 6 9 13 17 21 25 29 33 37 40 43 46 49 51 53 55 57 59 60           

 
  3.5 7 10 13 17 22 28 34 40 45 50 55 60 63 65                
  3.5 5.5 8 11 14 17 20 23 26 29 32 35 38 41 44 47 50 52 54 56 58 60 62 64 66 68 70 72 74 75 
  4 7.5 11 15 20 25 30 35 40 44 48 51 54 57 59 61 63 64 64.5 65           
  4 7 10 13 16 20 25 30 35 39 43 47 50 53 56 59 61 63 64 65       
  4 7 10 13 17 20 23 26 29 32 35 38 40 43 45 48 51 53 55 57 59 60 62 64 66 68 70 72 74 75 
  4 7 9 11 14 17 20 23 26 29 32 35 37 40 43 45 48 51 54 57 60 62 64 65 66 68 70 72 74 75 
  3 6 9 13 16 21 26 30 36 42 48 53 58 62 65                
  4 7 11 15 19 24 29 35 41 47 51 56 60 63 65                
  3 6 9 12 15 18 21 24 28 32 36 40 44 48 52 56 60 62 64 65           
  3 7 10 13 16 19 22 25 28 31 34 37 40 43 46 48 50 52 54 56 58 60 62 64 65 66 67 68 69 70 
  4 7 11 15 19 24 29 35 41 47 51 56 60 63 65                
  3.5 6 9 12 15 18 22 26 30 34 37 40 43 46 49 52 55 58 61 65           
  3.5 6 9 12 15 18 21 24 27 30 33 36 39 42 45 48 51 54 57 60 61 62 63 64 65 66 67 68 69 70 
  4 8 11 14 18 21 24 27 30 33 36 39 42 45 47 49 52 55 58 61 63 65 67 69 70      
  3 5 7 10 13 16 19 22 25 28 31 34 36 38 40 42 44 46 48 50 52 54 56 58 60 61 62 63 64 65 
  6 13 19 25 32 38 44 49 54 59 64 66 68 69 70                
  3 7 10 13 16 19 22 25 28 31 34 36 38 40 42 44 46 48 50 52 54 56 58 59 60 61 62 63 64 65 
  3 6 9 13 17 21 25 29 33 37 40 43 46 49 51 53 55 57 59 60           

 
  3.5 7 10 13 17 22 28 34 40 45 50 55 60 63 65                
  3.5 5.5 8 11 14 17 20 23 26 29 32 35 38 41 44 47 50 52 54 56 58 60 62 64 66 68 70 72 74 75 
  4 7.5 11 15 20 25 30 35 40 44 48 51 54 57 59 61 63 64 64.5 65           
  4 7 10 13 16 20 25 30 35 39 43 47 50 53 56 59 61 63 64 65       
  4 7 10 13 17 20 23 26 29 32 35 38 40 43 45 48 51 53 55 57 59 60 62 64 66 68 70 72 74 75 
  4 7 9 11 14 17 20 23 26 29 32 35 37 40 43 45 48 51 54 57 60 62 64 65 66 68 70 72 74 75 
  3 6 9 13 16 21 26 30 36 42 48 53 58 62 65                
  4 7 11 15 19 24 29 35 41 47 51 56 60 63 65                
  3 6 9 12 15 18 21 24 28 32 36 40 44 48 52 56 60 62 64 65           
  3 7 10 13 16 19 22 25 28 31 34 37 40 43 46 48 50 52 54 56 58 60 62 64 65 66 67 68 69 70 
  4 7 11 15 19 24 29 35 41 47 51 56 60 63 65                
  3.5 6 9 12 15 18 22 26 30 34 37 40 43 46 49 52 55 58 61 65           
  3.5 6 9 12 15 18 21 24 27 30 33 36 39 42 45 48 51 54 57 60 61 62 63 64 65 66 67 68 69 70 
  4 8 11 14 18 21 24 27 30 33 36 39 42 45 47 49 52 55 58 61 63 65 67 69 70      
  3 5 7 10 13 16 19 22 25 28 31 34 36 38 40 42 44 46 48 50 52 54 56 58 60 61 62 63 64 65 
  6 13 19 25 32 38 44 49 54 59 64 66 68 69 70                
  3 7 10 13 16 19 22 25 28 31 34 36 38 40 42 44 46 48 50 52 54 56 58 59 60 61 62 63 64 65 
  3 6 9 13 17 21 25 29 33 37 40 43 46 49 51 53 55 57 59 60           

 
  3.5 7 10 13 17 22 28 34 40 45 50 55 60 63 65                
  3.5 5.5 8 11 14 17 20 23 26 29 32 35 38 41 44 47 50 52 54 56 58 60 62 64 66 68 70 72 74 75 
  4 7.5 11 15 20 25 30 35 40 44 48 51 54 57 59 61 63 64 64.5 65           
  4 7 10 13 16 20 25 30 35 39 43 47 50 53 56 59 61 63 64 65       
  4 7 10 13 17 20 23 26 29 32 35 38 40 43 45 48 51 53 55 57 59 60 62 64 66 68 70 72 74 75 
  4 7 9 11 14 17 20 23 26 29 32 35 37 40 43 45 48 51 54 57 60 62 64 65 66 68 70 72 74 75 
  3 6 9 13 16 21 26 30 36 42 48 53 58 62 65                
  4 7 11 15 19 24 29 35 41 47 51 56 60 63 65                
  3 6 9 12 15 18 21 24 28 32 36 40 44 48 52 56 60 62 64 65           
  3 7 10 13 16 19 22 25 28 31 34 37 40 43 46 48 50 52 54 56 58 60 62 64 65 66 67 68 69 70 
  4 7 11 15 19 24 29 35 41 47 51 56 60 63 65                
  3.5 6 9 12 15 18 22 26 30 34 37 40 43 46 49 52 55 58 61 65           
  3.5 6 9 12 15 18 21 24 27 30 33 36 39 42 45 48 51 54 57 60 61 62 63 64 65 66 67 68 69 70 
  4 8 11 14 18 21 24 27 30 33 36 39 42 45 47 49 52 55 58 61 63 65 67 69 70      
  3 5 7 10 13 16 19 22 25 28 31 34 36 38 40 42 44 46 48 50 52 54 56 58 60 61 62 63 64 65 
  6 13 19 25 32 38 44 49 54 59 64 66 68 69 70                
  3 7 10 13 16 19 22 25 28 31 34 36 38 40 42 44 46 48 50 52 54 56 58 59 60 61 62 63 64 65 
  3 6 9 13 17 21 25 29 33 37 40 43 46 49 51 53 55 57 59 60           

 
  3.5 7 10 13 17 22 28 34 40 45 50 55 60 63 65                
  3.5 5.5 8 11 14 17 20 23 26 29 32 35 38 41 44 47 50 52 54 56 58 60 62 64 66 68 70 72 74 75 
  4 7.5 11 15 20 25 30 35 40 44 48 51 54 57 59 61 63 64 64.5 65           
  4 7 10 13 16 20 25 30 35 39 43 47 50 53 56 59 61 63 64 65       
  4 7 10 13 17 20 23 26 29 32 35 38 40 43 45 48 51 53 55 57 59 60 62 64 66 68 70 72 74 75 
  4 7 9 11 14 17 20 23 26 29 32 35 37 40 43 45 48 51 54 57 60 62 64 65 66 68 70 72 74 75 
  3 6 9 13 16 21 26 30 36 42 48 53 58 62 65                
  4 7 11 15 19 24 29 35 41 47 51 56 60 63 65                
  3 6 9 12 15 18 21 24 28 32 36 40 44 48 52 56 60 62 64 65           
  3 7 10 13 16 19 22 25 28 31 34 37 40 43 46 48 50 52 54 56 58 60 62 64 65 66 67 68 69 70 
  4 7 11 15 19 24 29 35 41 47 51 56 60 63 65                
  3.5 6 9 12 15 18 22 26 30 34 37 40 43 46 49 52 55 58 61 65           
  3.5 6 9 12 15 18 21 24 27 30 33 36 39 42 45 48 51 54 57 60 61 62 63 64 65 66 67 68 69 70 
  4 8 11 14 18 21 24 27 30 33 36 39 42 45 47 49 52 55 58 61 63 65 67 69 70      
  3 5 7 10 13 16 19 22 25 28 31 34 36 38 40 42 44 46 48 50 52 54 56 58 60 61 62 63 64 65 
  6 13 19 25 32 38 44 49 54 59 64 66 68 69 70                
  3 7 10 13 16 19 22 25 28 31 34 36 38 40 42 44 46 48 50 52 54 56 58 59 60 61 62 63 64 65 
  3 6 9 13 17 21 25 29 33 37 40 43 46 49 51 53 55 57 59 60           

 
  3.5 7 10 13 17 22 28 34 40 45 50 55 60 63 65                
  3.5 5.5 8 11 14 17 20 23 26 29 32 35 38 41 44 47 50 52 54 56 58 60 62 64 66 68 70 72 74 75 
  4 7.5 11 15 20 25 30 35 40 44 48 51 54 57 59 61 63 64 64.5 65           
  4 7 10 13 16 20 25 30 35 39 43 47 50 53 56 59 61 63 64 65       
  4 7 10 13 17 20 23 26 29 32 35 38 40 43 45 48 51 53 55 57 59 60 62 64 66 68 70 72 74 75 
  4 7 9 11 14 17 20 23 26 29 32 35 37 40 43 45 48 51 54 57 60 62 64 65 66 68 70 72 74 75 
  3 6 9 13 16 21 26 30 36 42 48 53 58 62 65                
  4 7 11 15 19 24 29 35 41 47 51 56 60 63 65                
  3 6 9 12 15 18 21 24 28 32 36 40 44 48 52 56 60 62 64 65           
  3 7 10 13 16 19 22 25 28 31 34 37 40 43 46 48 50 52 54 56 58 60 62 64 65 66 67 68 69 70 
  4 7 11 15 19 24 29 35 41 47 51 56 60 63 65                
  3.5 6 9 12 15 18 22 26 30 34 37 40 43 46 49 52 55 58 61 65           
  3.5 6 9 12 15 18 21 24 27 30 33 36 39 42 45 48 51 54 57 60 61 62 63 64 65 66 67 68 69 70 
  4 8 11 14 18 21 24 27 30 33 36 39 42 45 47 49 52 55 58 61 63 65 67 69 70      
  3 5 7 10 13 16 19 22 25 28 31 34 36 38 40 42 44 46 48 50 52 54 56 58 60 61 62 63 64 65 
  6 13 19 25 32 38 44 49 54 59 64 66 68 69 70                
  3 7 10 13 16 19 22 25 28 31 34 36 38 40 42 44 46 48 50 52 54 56 58 59 60 61 62 63 64 65 
  3 6 9 13 17 21 25 29 33 37 40 43 46 49 51 53 55 57 59 60           

 
  3.5 7 10 13 17 22 28 34 40 45 50 55 60 63 65                
  3.5 5.5 8 11 14 17 20 23 26 29 32 35 38 41 44 47 50 52 54 56 58 60 62 64 66 68 70 72 74 75 
  4 7.5 11 15 20 25 30 35 40 44 48 51 54 57 59 61 63 64 64.5 65           
  4 7 10 13 16 20 25 30 35 39 43 47 50 53 56 59 61 63 64 65       
  4 7 10 13 17 20 23 26 29 32 35 38 40 43 45 48 51 53 55 57 59 60 62 64 66 68 70 72 74 75 
  4 7 9 11 14 17 20 23 26 29 32 35 37 40 43 45 48 51 54 57 60 62 64 65 66 68 70 72 74 75 
  3 6 9 13 16 21 26 30 36 42 48 53 58 62 65                
  4 7 11 15 19 24 29 35 41 47 51 56 60 63 65                
  3 6 9 12 15 18 21 24 28 32 36 40 44 48 52 56 60 62 64 65           
  3 7 10 13 16 19 22 25 28 31 34 37 40 43 46 48 50 52 54 56 58 60 62 64 65 66 67 68 69 70 
  4 7 11 15 19 24 29 35 41 47 51 56 60 63 65                
  3.5 6 9 12 15 18 22 26 30 34 37 40 43 46 49 52 55 58 61 65           
  3.5 6 9 12 15 18 21 24 27 30 33 36 39 42 45 48 51 54 57 60 61 62 63 64 65 66 67 68 69 70 
  4 8 11 14 18 21 24 27 30 33 36 39 42 45 47 49 52 55 58 61 63 65 67 69 70      
  3 5 7 10 13 16 19 22 25 28 31 34 36 38 40 42 44 46 48 50 52 54 56 58 60 61 62 63 64 65 
  6 13 19 25 32 38 44 49 54 59 64 66 68 69 70                
  3 7 10 13 16 19 22 25 28 31 34 36 38 40 42 44 46 48 50 52 54 56 58 59 60 61 62 63 64 65 
  3 6 9 13 17 21 25 29 33 37 40 43 46 49 51 53 55 57 59 60           

 
  3.5 7 10 13 17 22 28 34 40 45 50 55 60 63 65                
  3.5 5.5 8 11 14 17 20 23 26 29 32 35 38 41 44 47 50 52 54 56 58 60 62 64 66 68 70 72 74 75 
  4 7.5 11 15 20 25 30 35 40 44 48 51 54 57 59 61 63 64 64.5 65           
  4 7 10 13 16 20 25 30 35 39 43 47 50 53 56 59 61 63 64 65       
  4 7 10 13 17 20 23 26 29 32 35 38 40 43 45 48 51 53 55 57 59 60 62 64 66 68 70 72 74 75 
  4 7 9 11 14 17 20 23 26 29 32 35 37 40 43 45 48 51 54 57 60 62 64 65 66 68 70 72 74 75 
  3 6 9 13 16 21 26 30 36 42 48 53 58 62 65                
  4 7 11 15 19 24 29 35 41 47 51 56 60 63 65                
  3 6 9 12 15 18 21 24 28 32 36 40 44 48 52 56 60 62 64 65           
  3 7 10 13 16 19 22 25 28 31 34 37 40 43 46 48 50 52 54 56 58 60 62 64 65 66 67 68 69 70 
  4 7 11 15 19 24 29 35 41 47 51 56 60 63 65                
  3.5 6 9 12 15 18 22 26 30 34 37 40 43 46 49 52 55 58 61 65           
  3.5 6 9 12 15 18 21 24 27 30 33 36 39 42 45 48 51 54 57 60 61 62 63 64 65 66 67 68 69 70 
  4 8 11 14 18 21 24 27 30 33 36 39 42 45 47 49 52 55 58 61 63 65 67 69 70      
  3 5 7 10 13 16 19 22 25 28 31 34 36 38 40 42 44 46 48 50 52 54 56 58 60 61 62 63 64 65 
  6 13 19 25 32 38 44 49 54 59 64 66 68 69 70                
  3 7 10 13 16 19 22 25 28 31 34 36 38 40 42 44 46 48 50 52 54 56 58 59 60 61 62 63 64 65 
  3 6 9 13 17 21 25 29 33 37 40 43 46 49 51 53 55 57 59 60    
 